<?xml version="1.0" encoding="UTF-8"?>
<map version="1.10" tiledversion="1.11.2" orientation="orthogonal" renderorder="right-down" width="30" height="20" tilewidth="32" tileheight="32" infinite="1" nextlayerid="3" nextobjectid="1">
 <tileset firstgid="1" source="track.tsx"/>
 <layer id="1" name="Ground" width="30" height="20">
  <data encoding="csv">
   <chunk x="-32" y="-32" width="16" height="16">
0,0,0,0,0,0,0,0,0,0,0,0,0,0,0,0,
0,0,0,0,0,0,0,0,0,0,0,0,0,0,0,0,
0,0,0,0,0,0,0,0,0,0,0,0,0,0,0,0,
0,0,0,0,0,0,0,0,0,0,0,0,0,0,0,0,
0,0,0,0,0,0,0,0,0,0,0,0,0,0,0,0,
0,0,0,0,0,0,0,0,0,0,49,49,49,49,49,49,
0,0,0,0,0,0,0,0,0,0,49,49,49,49,49,49,
0,0,0,0,0,0,0,0,0,0,49,49,49,49,49,49,
0,0,0,0,0,0,0,0,0,0,49,49,49,49,49,49,
0,0,0,0,0,0,0,0,0,0,49,49,49,49,49,49,
0,0,0,0,0,0,0,0,0,0,49,49,49,49,49,49,
0,0,0,0,0,0,0,0,0,0,49,49,49,49,49,49,
0,0,0,0,0,0,0,0,0,0,49,49,49,49,49,49,
0,0,0,0,0,0,0,0,0,0,49,49,49,49,49,49,
0,0,0,0,0,0,0,0,0,0,49,49,49,49,49,49,
0,0,0,0,0,0,0,0,0,0,49,49,49,49,49,49
</chunk>
   <chunk x="-16" y="-32" width="16" height="16">
0,0,0,0,0,0,0,0,0,0,0,0,0,0,0,0,
0,0,0,0,0,0,0,0,0,0,0,0,0,0,0,0,
0,0,0,0,0,0,0,0,0,0,0,0,0,0,0,0,
0,0,0,0,0,0,0,0,0,0,0,0,0,0,0,0,
0,0,0,0,0,0,0,0,0,0,0,0,0,0,0,0,
49,49,49,49,49,49,49,49,49,49,49,49,49,49,49,49,
49,49,49,49,49,49,49,49,49,49,49,49,49,49,49,49,
49,49,49,49,49,49,49,49,49,49,49,49,49,49,49,49,
49,49,49,49,49,49,49,49,49,49,49,49,49,49,49,49,
49,49,49,49,49,49,49,49,49,49,49,49,49,49,49,49,
49,49,49,49,49,49,49,49,49,49,49,49,49,49,49,49,
49,49,49,49,49,49,49,49,49,49,49,49,49,49,49,49,
49,49,49,49,49,49,49,49,49,49,49,49,49,49,49,49,
49,49,49,49,49,49,49,49,49,49,49,49,49,49,49,49,
49,49,49,49,49,49,49,49,49,49,49,49,49,49,49,49,
49,49,49,49,49,49,49,49,49,49,49,49,49,49,49,49
</chunk>
   <chunk x="0" y="-32" width="16" height="16">
0,0,0,0,0,0,0,0,0,0,0,0,0,0,0,0,
0,0,0,0,0,0,0,0,0,0,0,0,0,0,0,0,
0,0,0,0,0,0,0,0,0,0,0,0,0,0,0,0,
0,0,0,0,0,0,0,0,0,0,0,0,0,0,0,0,
0,0,0,0,0,0,0,0,0,0,0,0,0,0,0,0,
49,49,49,49,49,49,49,49,49,49,49,49,49,49,49,49,
49,49,49,49,49,49,49,49,49,49,49,49,49,49,49,49,
49,49,49,49,49,49,49,49,49,49,49,49,49,49,49,49,
49,49,49,49,49,49,49,49,49,49,49,49,49,49,49,49,
49,49,49,49,49,49,49,49,49,49,49,49,49,49,49,49,
49,49,49,49,49,49,49,49,49,49,49,49,49,49,49,49,
49,49,49,49,49,49,49,49,49,49,49,49,49,49,49,49,
49,49,49,49,49,49,49,49,49,49,49,49,49,49,49,49,
49,49,49,49,49,49,49,49,49,49,49,49,49,49,49,49,
49,49,49,49,49,49,49,49,49,49,49,49,49,49,49,49,
49,49,49,49,49,49,49,49,49,49,49,49,49,49,49,49
</chunk>
   <chunk x="16" y="-32" width="16" height="16">
0,0,0,0,0,0,0,0,0,0,0,0,0,0,0,0,
0,0,0,0,0,0,0,0,0,0,0,0,0,0,0,0,
0,0,0,0,0,0,0,0,0,0,0,0,0,0,0,0,
0,0,0,0,0,0,0,0,0,0,0,0,0,0,0,0,
0,0,0,0,0,0,0,0,0,0,0,0,0,0,0,0,
49,49,49,49,49,49,49,49,49,49,49,49,49,49,49,49,
49,49,49,49,49,49,49,49,49,49,49,49,49,49,49,49,
49,49,49,49,49,49,49,49,49,49,49,49,49,49,49,49,
49,49,49,49,49,49,49,49,49,49,49,49,49,49,49,49,
49,49,49,49,49,49,49,49,49,49,49,49,49,49,49,49,
49,49,49,49,49,49,49,49,49,49,49,49,49,49,49,49,
49,49,49,49,49,49,49,49,49,49,49,49,49,49,49,49,
49,49,49,49,49,49,49,49,49,49,49,49,49,49,49,49,
49,49,49,49,49,49,49,49,49,49,49,49,49,49,49,49,
49,49,49,49,49,49,49,49,49,49,49,49,49,49,49,49,
49,49,49,49,49,49,49,49,49,49,49,49,49,49,49,49
</chunk>
   <chunk x="32" y="-32" width="16" height="16">
0,0,0,0,0,0,0,0,0,0,0,0,0,0,0,0,
0,0,0,0,0,0,0,0,0,0,0,0,0,0,0,0,
0,0,0,0,0,0,0,0,0,0,0,0,0,0,0,0,
0,0,0,0,0,0,0,0,0,0,0,0,0,0,0,0,
0,0,0,0,0,0,0,0,0,0,0,0,0,0,0,0,
49,49,49,49,0,0,0,0,0,0,0,0,0,0,0,0,
49,49,49,49,0,0,0,0,0,0,0,0,0,0,0,0,
49,49,49,49,0,0,0,0,0,0,0,0,0,0,0,0,
49,49,49,49,0,0,0,0,0,0,0,0,0,0,0,0,
49,49,49,49,0,0,0,0,0,0,0,0,0,0,0,0,
49,49,49,49,0,0,0,0,0,0,0,0,0,0,0,0,
49,49,49,49,0,0,0,0,0,0,0,0,0,0,0,0,
49,49,49,49,0,0,0,0,0,0,0,0,0,0,0,0,
49,49,49,49,0,0,0,0,0,0,0,0,0,0,0,0,
49,49,49,49,0,0,0,0,0,0,0,0,0,0,0,0,
49,49,49,49,0,0,0,0,0,0,0,0,0,0,0,0
</chunk>
   <chunk x="-32" y="-16" width="16" height="16">
0,0,0,0,0,0,0,0,0,0,49,49,49,49,49,49,
0,0,0,0,0,0,0,0,0,0,49,49,49,49,49,49,
0,0,0,0,0,0,0,0,0,0,49,49,49,49,49,49,
0,0,0,0,0,0,0,0,0,0,49,49,49,49,49,49,
0,0,0,0,0,0,0,0,0,0,49,49,49,49,49,49,
0,0,0,0,0,0,0,0,0,0,49,49,49,49,49,49,
0,0,0,0,0,0,0,0,0,0,49,49,49,49,49,49,
0,0,0,0,0,0,0,0,0,0,49,49,49,49,49,49,
0,0,0,0,0,0,0,0,0,0,49,49,49,49,49,49,
0,0,0,0,0,0,0,0,0,0,49,49,49,49,49,49,
0,0,0,0,0,0,0,0,0,0,49,49,49,49,49,49,
0,0,0,0,0,0,0,0,0,0,49,49,49,49,49,49,
0,0,0,0,0,0,0,0,0,0,49,49,49,49,49,49,
0,0,0,0,0,0,0,0,0,0,49,49,49,49,49,49,
0,0,0,0,0,0,0,0,0,0,49,49,49,49,49,49,
0,0,0,0,0,0,0,0,0,0,49,49,49,49,49,49
</chunk>
   <chunk x="-16" y="-16" width="16" height="16">
49,49,49,49,49,49,49,49,49,49,49,49,49,49,49,49,
49,49,49,49,49,49,49,49,49,49,49,49,49,49,49,49,
49,49,49,49,49,49,49,49,49,49,49,49,49,49,49,49,
49,49,49,49,49,49,49,49,49,49,49,49,49,49,49,49,
49,49,49,49,49,49,49,49,49,49,49,49,49,49,49,49,
49,49,49,49,49,49,49,49,49,49,49,49,49,49,49,49,
49,49,49,49,49,49,49,49,49,49,49,49,49,49,49,49,
49,49,49,49,49,49,49,49,49,49,49,49,49,49,49,49,
49,49,49,49,49,49,49,49,49,49,49,49,49,49,49,49,
49,49,49,49,49,49,49,49,49,49,49,49,49,49,49,49,
49,49,49,49,49,49,49,49,49,49,49,49,49,49,49,49,
49,49,49,49,49,49,49,49,49,49,49,49,49,49,49,49,
49,49,49,49,49,49,49,49,49,49,49,49,49,49,49,49,
49,49,49,49,49,49,49,49,49,49,49,49,49,49,49,49,
49,49,49,49,49,49,49,49,49,49,49,49,49,49,49,49,
49,49,49,49,49,49,49,49,49,49,49,49,49,49,49,49
</chunk>
   <chunk x="0" y="-16" width="16" height="16">
49,49,49,49,49,49,49,49,49,49,49,49,49,49,49,49,
49,49,49,49,49,49,49,49,49,49,49,49,49,49,49,49,
49,49,49,49,49,49,49,49,49,49,49,49,49,49,49,49,
49,49,49,49,49,49,49,49,49,49,49,49,49,49,49,49,
49,49,49,49,49,49,49,49,49,49,49,49,49,49,49,49,
49,49,49,49,49,49,49,49,49,49,49,49,49,49,49,49,
49,49,49,49,49,49,49,49,49,49,49,49,49,49,49,49,
49,49,49,49,49,49,49,49,49,49,49,49,49,49,49,49,
49,49,49,49,49,49,49,49,49,49,49,49,49,49,49,49,
49,49,49,49,49,49,49,49,49,49,49,49,49,49,49,49,
49,49,49,49,49,49,49,49,49,49,49,49,49,49,49,49,
49,49,49,49,49,49,49,49,49,49,49,49,49,49,49,49,
49,49,49,49,49,49,49,49,49,49,49,49,49,49,49,49,
49,49,49,49,49,49,49,49,49,49,49,49,49,49,49,49,
49,49,49,49,49,49,49,49,49,49,49,49,49,49,49,49,
49,49,49,49,49,49,49,49,49,49,49,49,49,49,49,49
</chunk>
   <chunk x="16" y="-16" width="16" height="16">
49,49,49,49,49,49,49,49,49,49,49,49,49,49,49,49,
49,49,49,49,49,49,49,49,49,49,49,49,49,49,49,49,
49,49,49,49,49,49,49,49,49,49,49,49,49,49,49,49,
49,49,49,49,49,49,49,49,49,49,49,49,49,49,49,49,
49,49,49,49,49,49,49,49,49,49,49,49,49,49,49,49,
49,49,49,49,49,49,49,49,49,49,49,49,49,49,49,49,
49,49,49,49,49,49,49,49,49,49,49,49,49,49,49,49,
49,49,49,49,49,49,49,49,49,49,49,49,49,49,49,49,
49,49,49,49,49,49,49,49,49,49,49,49,49,49,49,49,
49,49,49,49,49,49,49,49,49,49,49,49,49,49,49,49,
49,49,49,49,49,49,49,49,49,49,49,49,49,49,49,49,
49,49,49,49,49,49,49,49,49,49,49,49,49,49,49,49,
49,49,49,49,49,49,49,49,49,49,49,49,49,49,49,49,
49,49,49,49,49,49,49,49,49,49,49,49,49,49,49,49,
49,49,49,49,49,49,49,49,49,49,49,49,49,49,49,49,
49,49,49,49,49,49,49,49,49,49,49,49,49,49,49,49
</chunk>
   <chunk x="32" y="-16" width="16" height="16">
49,49,49,49,0,0,0,0,0,0,0,0,0,0,0,0,
49,49,49,49,0,0,0,0,0,0,0,0,0,0,0,0,
49,49,49,49,0,0,0,0,0,0,0,0,0,0,0,0,
49,49,49,49,0,0,0,0,0,0,0,0,0,0,0,0,
49,49,49,49,0,0,0,0,0,0,0,0,0,0,0,0,
49,49,49,49,0,0,0,0,0,0,0,0,0,0,0,0,
49,49,49,49,0,0,0,0,0,0,0,0,0,0,0,0,
49,49,49,49,0,0,0,0,0,0,0,0,0,0,0,0,
49,49,49,49,0,0,0,0,0,0,0,0,0,0,0,0,
49,49,49,49,0,0,0,0,0,0,0,0,0,0,0,0,
49,49,49,49,0,0,0,0,0,0,0,0,0,0,0,0,
49,49,49,49,0,0,0,0,0,0,0,0,0,0,0,0,
49,49,49,49,0,0,0,0,0,0,0,0,0,0,0,0,
49,49,49,49,0,0,0,0,0,0,0,0,0,0,0,0,
49,49,49,49,0,0,0,0,0,0,0,0,0,0,0,0,
49,49,49,49,0,0,0,0,0,0,0,0,0,0,0,0
</chunk>
   <chunk x="-32" y="0" width="16" height="16">
0,0,0,0,0,0,0,0,0,0,49,49,49,49,49,49,
0,0,0,0,0,0,0,0,0,0,49,49,49,49,49,49,
0,0,0,0,0,0,0,0,0,0,49,49,49,49,49,49,
0,0,0,0,0,0,0,0,0,0,49,49,49,49,49,49,
0,0,0,0,0,0,0,0,0,0,49,49,49,49,49,49,
0,0,0,0,0,0,0,0,0,0,49,49,49,49,49,49,
0,0,0,0,0,0,0,0,0,0,49,49,49,49,49,49,
0,0,0,0,0,0,0,0,0,0,49,49,49,49,49,49,
0,0,0,0,0,0,0,0,0,0,49,49,49,49,49,49,
0,0,0,0,0,0,0,0,0,0,49,49,49,49,49,49,
0,0,0,0,0,0,0,0,0,0,49,49,49,49,49,49,
0,0,0,0,0,0,0,0,0,0,49,49,49,49,49,49,
0,0,0,0,0,0,0,0,0,0,49,49,49,49,49,49,
0,0,0,0,0,0,0,0,0,0,49,49,49,49,49,49,
0,0,0,0,0,0,0,0,0,0,49,49,49,49,49,49,
0,0,0,0,0,0,0,0,0,0,49,49,49,49,49,49
</chunk>
   <chunk x="-16" y="0" width="16" height="16">
49,49,49,49,49,49,49,49,49,49,49,49,49,49,49,49,
49,49,49,49,49,49,49,49,49,49,49,49,49,49,49,49,
49,49,49,49,49,49,49,49,49,49,49,49,49,49,49,49,
49,49,49,49,49,49,49,49,49,49,49,49,49,49,49,49,
49,49,49,49,49,49,49,49,49,49,49,49,49,49,49,49,
49,49,49,49,49,49,49,49,49,49,49,49,49,49,49,49,
49,49,49,49,49,49,49,49,49,49,49,49,49,49,49,49,
49,49,49,49,49,49,49,49,49,49,49,49,49,49,49,49,
49,49,49,49,49,49,49,49,49,49,49,49,49,49,49,49,
49,49,49,49,49,49,49,49,49,49,49,49,49,49,49,49,
49,49,49,49,49,49,49,49,49,49,49,49,49,49,49,49,
49,49,49,49,49,49,49,49,49,49,49,49,49,49,49,49,
49,49,49,49,49,49,49,49,49,49,49,49,49,49,49,49,
49,49,49,49,49,49,49,49,49,49,49,49,49,49,49,49,
49,49,49,49,49,49,49,49,49,49,49,49,49,49,49,49,
49,49,49,49,49,49,49,49,49,49,49,49,49,49,49,49
</chunk>
   <chunk x="0" y="0" width="16" height="16">
49,49,49,49,49,49,49,49,49,49,49,49,49,49,49,49,
49,49,49,49,49,49,49,49,49,49,49,49,49,49,49,49,
49,49,49,70,49,49,49,49,49,49,49,49,49,49,49,49,
49,49,49,49,70,70,49,49,49,49,49,49,49,49,49,49,
49,49,49,49,49,70,70,70,49,49,49,49,49,49,49,49,
49,49,49,49,49,49,49,49,49,49,49,49,49,49,49,49,
49,49,49,49,49,49,49,49,49,49,49,49,49,49,49,49,
49,49,49,49,49,49,49,49,49,49,49,49,49,49,49,49,
49,49,49,49,49,49,49,49,49,49,49,49,49,49,49,49,
49,49,49,49,49,49,49,49,49,49,49,49,49,49,49,49,
49,49,49,49,49,49,49,49,49,49,49,49,49,49,49,49,
49,49,49,49,49,49,49,49,49,49,49,49,49,49,49,49,
49,49,49,49,49,49,49,49,49,49,49,49,49,49,49,49,
49,49,49,49,49,49,49,49,49,49,49,49,49,49,49,49,
49,49,49,49,49,49,49,49,49,49,49,49,49,49,49,49,
49,49,49,49,49,49,49,49,49,49,49,49,49,49,49,49
</chunk>
   <chunk x="16" y="0" width="16" height="16">
49,49,49,49,49,49,49,49,49,49,49,49,49,49,49,49,
49,49,49,49,49,49,49,49,49,49,49,49,49,49,49,49,
49,49,49,49,49,49,49,49,49,49,49,49,49,49,49,49,
49,49,49,49,49,49,49,49,49,49,49,49,49,49,49,49,
49,49,49,49,49,49,49,49,49,49,49,49,49,49,49,49,
49,49,49,49,49,49,49,49,49,49,49,49,49,49,49,49,
49,49,49,49,49,49,49,49,49,49,49,49,49,49,49,49,
49,49,49,49,49,49,49,49,49,49,49,49,49,49,49,49,
49,49,49,49,49,49,49,49,49,49,49,49,49,49,49,49,
49,49,49,49,49,49,49,49,49,49,49,49,49,49,49,49,
49,49,49,49,49,49,49,49,49,49,49,49,49,49,49,49,
49,49,49,49,49,49,49,49,49,49,49,49,49,49,49,49,
49,49,49,49,49,49,49,49,49,49,49,49,49,49,49,49,
49,49,49,49,49,49,49,49,49,49,49,49,49,49,49,49,
49,49,49,49,49,49,49,49,49,49,49,49,49,49,49,49,
49,49,49,49,49,49,49,49,49,49,49,49,49,49,49,49
</chunk>
   <chunk x="32" y="0" width="16" height="16">
49,49,49,49,0,0,0,0,0,0,0,0,0,0,0,0,
49,49,49,49,0,0,0,0,0,0,0,0,0,0,0,0,
49,49,49,49,0,0,0,0,0,0,0,0,0,0,0,0,
49,49,49,49,0,0,0,0,0,0,0,0,0,0,0,0,
49,49,49,49,0,0,0,0,0,0,0,0,0,0,0,0,
49,49,49,49,0,0,0,0,0,0,0,0,0,0,0,0,
49,49,49,49,0,0,0,0,0,0,0,0,0,0,0,0,
49,49,49,49,0,0,0,0,0,0,0,0,0,0,0,0,
49,49,49,49,0,0,0,0,0,0,0,0,0,0,0,0,
49,49,49,49,0,0,0,0,0,0,0,0,0,0,0,0,
49,49,49,49,0,0,0,0,0,0,0,0,0,0,0,0,
49,49,49,49,0,0,0,0,0,0,0,0,0,0,0,0,
49,49,49,49,0,0,0,0,0,0,0,0,0,0,0,0,
49,49,49,49,0,0,0,0,0,0,0,0,0,0,0,0,
49,49,49,49,0,0,0,0,0,0,0,0,0,0,0,0,
49,49,49,49,0,0,0,0,0,0,0,0,0,0,0,0
</chunk>
   <chunk x="-32" y="16" width="16" height="16">
0,0,0,0,0,0,0,0,0,0,49,49,49,49,49,49,
0,0,0,0,0,0,0,0,0,0,49,49,49,49,49,49,
0,0,0,0,0,0,0,0,0,0,49,49,49,49,49,49,
0,0,0,0,0,0,0,0,0,0,49,49,49,49,49,49,
0,0,0,0,0,0,0,0,0,0,49,49,49,49,49,49,
0,0,0,0,0,0,0,0,0,0,49,49,49,49,49,49,
0,0,0,0,0,0,0,0,0,0,49,49,49,49,49,49,
0,0,0,0,0,0,0,0,0,0,49,49,49,49,49,49,
0,0,0,0,0,0,0,0,0,0,49,49,49,49,49,49,
0,0,0,0,0,0,0,0,0,0,49,49,49,49,49,49,
0,0,0,0,0,0,0,0,0,0,49,49,49,49,49,49,
0,0,0,0,0,0,0,0,0,0,49,49,49,49,49,49,
0,0,0,0,0,0,0,0,0,0,49,49,49,49,49,49,
0,0,0,0,0,0,0,0,0,0,49,49,49,49,49,49,
0,0,0,0,0,0,0,0,0,0,49,49,49,49,49,49,
0,0,0,0,0,0,0,0,0,0,49,49,49,49,49,49
</chunk>
   <chunk x="-16" y="16" width="16" height="16">
49,49,49,49,49,49,49,49,49,49,49,49,49,49,49,49,
49,49,49,49,49,49,49,49,49,49,49,49,49,49,49,49,
49,49,49,49,49,49,49,49,49,49,49,49,49,49,49,49,
49,49,49,49,49,49,49,49,49,49,49,49,49,49,49,49,
49,49,49,49,49,49,49,49,49,49,49,49,49,49,49,49,
49,49,49,49,49,49,49,49,49,49,49,49,49,49,49,49,
49,49,49,49,49,49,49,49,49,49,49,49,49,49,49,49,
49,49,49,49,49,49,49,49,49,49,49,49,49,49,49,49,
49,49,49,49,49,49,49,49,49,49,49,49,49,49,49,49,
49,49,49,49,49,49,49,49,49,49,49,49,49,49,49,49,
49,49,49,49,49,49,49,49,49,49,49,49,49,49,49,49,
49,49,49,49,49,49,49,49,49,49,49,49,49,49,49,49,
49,49,49,49,49,49,49,49,49,49,49,49,49,49,49,49,
49,49,49,49,49,49,49,49,49,49,49,49,49,49,49,49,
49,49,49,49,49,49,49,49,49,49,49,49,49,49,49,49,
49,49,49,49,49,49,49,49,49,49,49,49,49,49,49,49
</chunk>
   <chunk x="0" y="16" width="16" height="16">
49,49,49,49,49,49,49,49,49,49,49,49,49,49,49,49,
49,49,49,49,49,49,49,49,49,49,49,49,49,49,49,49,
49,49,49,49,49,49,49,49,49,49,49,49,49,49,49,49,
49,49,49,49,49,49,49,49,49,49,49,49,49,49,49,49,
49,49,49,49,49,49,49,49,49,49,49,49,49,49,49,49,
49,49,49,49,49,49,49,49,49,49,49,49,49,49,49,49,
49,49,49,49,49,49,49,49,49,49,49,49,49,49,49,49,
49,49,49,49,49,49,49,49,49,49,49,49,49,49,49,49,
49,49,49,49,49,49,49,49,49,49,49,49,49,49,49,49,
49,49,49,49,49,49,49,49,49,49,49,49,49,49,49,49,
49,49,49,49,49,49,49,49,49,49,49,49,49,49,49,49,
49,49,49,49,49,49,49,49,49,49,49,49,49,49,49,49,
49,49,49,49,49,49,49,49,49,49,49,49,49,49,49,49,
49,49,49,49,49,49,49,49,49,49,49,49,49,49,49,49,
49,49,49,49,49,49,49,49,49,49,49,49,49,49,49,49,
49,49,49,49,49,49,49,49,49,49,49,49,49,49,49,49
</chunk>
   <chunk x="16" y="16" width="16" height="16">
49,49,49,49,49,49,49,49,49,49,49,49,49,49,49,49,
49,49,49,49,49,49,49,49,49,49,49,49,49,49,49,49,
49,49,49,49,49,49,49,49,49,49,49,49,49,49,49,49,
49,49,49,49,49,49,49,49,49,49,49,49,49,49,49,49,
49,49,49,49,49,49,49,49,49,49,49,49,49,49,49,49,
49,49,49,49,49,49,49,49,49,49,49,49,49,49,49,49,
49,49,49,49,49,49,49,49,49,49,49,49,49,49,49,49,
49,49,49,49,49,49,49,49,49,49,49,49,49,49,49,49,
49,49,49,49,49,49,49,49,49,49,49,49,49,49,49,49,
49,49,49,49,49,49,49,49,49,49,49,49,49,49,49,49,
49,49,49,49,49,49,49,49,49,49,49,49,49,49,49,49,
49,49,49,49,49,49,49,49,49,49,49,49,49,49,49,49,
49,49,49,49,49,49,49,49,49,49,49,49,49,49,49,49,
49,49,49,49,49,49,49,49,49,49,49,49,49,49,49,49,
49,49,49,49,49,49,49,49,49,49,49,49,49,49,49,49,
49,49,49,49,49,49,49,49,49,49,49,49,49,49,49,49
</chunk>
   <chunk x="32" y="16" width="16" height="16">
49,49,49,49,0,0,0,0,0,0,0,0,0,0,0,0,
49,49,49,49,0,0,0,0,0,0,0,0,0,0,0,0,
49,49,49,49,0,0,0,0,0,0,0,0,0,0,0,0,
49,49,49,49,0,0,0,0,0,0,0,0,0,0,0,0,
49,49,49,49,0,0,0,0,0,0,0,0,0,0,0,0,
49,49,49,49,0,0,0,0,0,0,0,0,0,0,0,0,
49,49,49,49,0,0,0,0,0,0,0,0,0,0,0,0,
49,49,49,49,0,0,0,0,0,0,0,0,0,0,0,0,
49,49,49,49,0,0,0,0,0,0,0,0,0,0,0,0,
49,49,49,49,0,0,0,0,0,0,0,0,0,0,0,0,
49,49,49,49,0,0,0,0,0,0,0,0,0,0,0,0,
49,49,49,49,0,0,0,0,0,0,0,0,0,0,0,0,
49,49,49,49,0,0,0,0,0,0,0,0,0,0,0,0,
49,49,49,49,0,0,0,0,0,0,0,0,0,0,0,0,
49,49,49,49,0,0,0,0,0,0,0,0,0,0,0,0,
49,49,49,49,0,0,0,0,0,0,0,0,0,0,0,0
</chunk>
   <chunk x="-32" y="32" width="16" height="16">
0,0,0,0,0,0,0,0,0,0,49,49,49,49,49,49,
0,0,0,0,0,0,0,0,0,0,49,49,49,49,49,49,
0,0,0,0,0,0,0,0,0,0,49,49,49,49,49,49,
0,0,0,0,0,0,0,0,0,0,49,49,49,49,49,49,
0,0,0,0,0,0,0,0,0,0,49,49,49,49,49,49,
0,0,0,0,0,0,0,0,0,0,49,49,49,49,49,49,
0,0,0,0,0,0,0,0,0,0,49,49,49,49,49,49,
0,0,0,0,0,0,0,0,0,0,49,49,49,49,49,49,
0,0,0,0,0,0,0,0,0,0,49,49,49,49,49,49,
0,0,0,0,0,0,0,0,0,0,49,49,49,49,49,49,
0,0,0,0,0,0,0,0,0,0,49,49,49,49,49,49,
0,0,0,0,0,0,0,0,0,0,49,49,49,49,49,49,
0,0,0,0,0,0,0,0,0,0,49,49,49,49,49,49,
0,0,0,0,0,0,0,0,0,0,49,49,49,49,49,49,
0,0,0,0,0,0,0,0,0,0,49,49,49,49,49,49,
0,0,0,0,0,0,0,0,0,0,49,49,49,49,49,49
</chunk>
   <chunk x="-16" y="32" width="16" height="16">
49,49,49,49,49,49,49,49,49,49,49,49,49,49,49,49,
49,49,49,49,49,49,49,49,49,49,49,49,49,49,49,49,
49,49,49,49,49,49,49,49,49,49,49,49,49,49,49,49,
49,49,49,49,49,49,49,49,49,49,49,49,49,49,49,49,
49,49,49,49,49,49,49,49,49,49,49,49,49,49,49,49,
49,49,49,49,49,49,49,49,49,49,49,49,49,49,49,49,
49,49,49,49,49,49,49,49,49,49,49,49,49,49,49,49,
49,49,49,49,49,49,49,49,49,49,49,49,49,49,49,49,
49,49,49,49,49,49,49,49,49,49,49,49,49,49,49,49,
49,49,49,49,49,49,49,49,49,49,49,49,49,49,49,49,
49,49,49,49,49,49,49,49,49,49,49,49,49,49,49,49,
49,49,49,49,49,49,49,49,49,49,49,49,49,49,49,49,
49,49,49,49,49,49,49,49,49,49,49,49,49,49,49,49,
49,49,49,49,49,49,49,49,49,49,49,49,49,49,49,49,
49,49,49,49,49,49,49,49,49,49,49,49,49,49,49,49,
49,49,49,49,49,49,49,49,49,49,49,49,49,49,49,49
</chunk>
   <chunk x="0" y="32" width="16" height="16">
49,49,49,49,49,49,49,49,49,49,49,49,49,49,49,49,
49,49,49,49,49,49,49,49,49,49,49,49,49,49,49,49,
49,49,49,49,49,49,49,49,49,49,49,49,49,49,49,49,
49,49,49,49,49,49,49,49,49,49,49,49,49,49,49,49,
49,49,49,49,49,49,49,49,49,49,49,49,49,49,49,49,
49,49,49,49,49,49,49,49,49,49,49,49,49,49,49,49,
49,49,49,49,49,49,49,49,49,49,49,49,49,49,49,49,
49,49,49,49,49,49,49,49,49,49,49,49,49,49,49,49,
49,49,49,49,49,49,49,49,49,49,49,49,49,49,49,49,
49,49,49,49,49,49,49,49,49,49,49,49,49,49,49,49,
49,49,49,49,49,49,49,49,49,49,49,49,49,49,49,49,
49,49,49,49,49,49,49,49,49,49,49,49,49,49,49,49,
49,49,49,49,49,49,49,49,49,49,49,49,49,49,49,49,
49,49,49,49,49,49,49,49,49,49,49,49,49,49,49,49,
49,49,49,49,49,49,49,49,49,49,49,49,49,49,49,49,
49,49,49,49,49,49,49,49,49,49,49,49,49,49,49,49
</chunk>
   <chunk x="16" y="32" width="16" height="16">
49,49,49,49,49,49,49,49,49,49,49,49,49,49,49,49,
49,49,49,49,49,49,49,49,49,49,49,49,49,49,49,49,
49,49,49,49,49,49,49,49,49,49,49,49,49,49,49,49,
49,49,49,49,49,49,49,49,49,49,49,49,49,49,49,49,
49,49,49,49,49,49,49,49,49,49,49,49,49,49,49,49,
49,49,49,49,49,49,49,49,49,49,49,49,49,49,49,49,
49,49,49,49,49,49,49,49,49,49,49,49,49,49,49,49,
49,49,49,49,49,49,49,49,49,49,49,49,49,49,49,49,
49,49,49,49,49,49,49,49,49,49,49,49,49,49,49,49,
49,49,49,49,49,49,49,49,49,49,49,49,49,49,49,49,
49,49,49,49,49,49,49,49,49,49,49,49,49,49,49,49,
49,49,49,49,49,49,49,49,49,49,49,49,49,49,49,49,
49,49,49,49,49,49,49,49,49,49,49,49,49,49,49,49,
49,49,49,49,49,49,49,49,49,49,49,49,49,49,49,49,
49,49,49,49,49,49,49,49,49,49,49,49,49,49,49,49,
49,49,49,49,49,49,49,49,49,49,49,49,49,49,49,49
</chunk>
   <chunk x="32" y="32" width="16" height="16">
49,49,49,49,0,0,0,0,0,0,0,0,0,0,0,0,
49,49,49,49,0,0,0,0,0,0,0,0,0,0,0,0,
49,49,49,49,0,0,0,0,0,0,0,0,0,0,0,0,
49,49,49,49,0,0,0,0,0,0,0,0,0,0,0,0,
49,49,49,49,0,0,0,0,0,0,0,0,0,0,0,0,
49,49,49,49,0,0,0,0,0,0,0,0,0,0,0,0,
49,49,49,49,0,0,0,0,0,0,0,0,0,0,0,0,
49,49,49,49,0,0,0,0,0,0,0,0,0,0,0,0,
49,49,49,49,0,0,0,0,0,0,0,0,0,0,0,0,
49,49,49,49,0,0,0,0,0,0,0,0,0,0,0,0,
49,49,49,49,0,0,0,0,0,0,0,0,0,0,0,0,
49,49,49,49,0,0,0,0,0,0,0,0,0,0,0,0,
49,49,49,49,0,0,0,0,0,0,0,0,0,0,0,0,
49,49,49,49,0,0,0,0,0,0,0,0,0,0,0,0,
49,49,49,49,0,0,0,0,0,0,0,0,0,0,0,0,
49,49,49,49,0,0,0,0,0,0,0,0,0,0,0,0
</chunk>
   <chunk x="-32" y="48" width="16" height="16">
0,0,0,0,0,0,0,0,0,0,49,49,49,49,49,49,
0,0,0,0,0,0,0,0,0,0,49,49,49,49,49,49,
0,0,0,0,0,0,0,0,0,0,49,49,49,49,49,49,
0,0,0,0,0,0,0,0,0,0,49,49,49,49,49,49,
0,0,0,0,0,0,0,0,0,0,49,49,49,49,49,49,
0,0,0,0,0,0,0,0,0,0,49,49,49,49,49,49,
0,0,0,0,0,0,0,0,0,0,49,49,49,49,49,49,
0,0,0,0,0,0,0,0,0,0,0,0,0,0,0,0,
0,0,0,0,0,0,0,0,0,0,0,0,0,0,0,0,
0,0,0,0,0,0,0,0,0,0,0,0,0,0,0,0,
0,0,0,0,0,0,0,0,0,0,0,0,0,0,0,0,
0,0,0,0,0,0,0,0,0,0,0,0,0,0,0,0,
0,0,0,0,0,0,0,0,0,0,0,0,0,0,0,0,
0,0,0,0,0,0,0,0,0,0,0,0,0,0,0,0,
0,0,0,0,0,0,0,0,0,0,0,0,0,0,0,0,
0,0,0,0,0,0,0,0,0,0,0,0,0,0,0,0
</chunk>
   <chunk x="-16" y="48" width="16" height="16">
49,49,49,49,49,49,49,49,49,49,49,49,49,49,49,49,
49,49,49,49,49,49,49,49,49,49,49,49,49,49,49,49,
49,49,49,49,49,49,49,49,49,49,49,49,49,49,49,49,
49,49,49,49,49,49,49,49,49,49,49,49,49,49,49,49,
49,49,49,49,49,49,49,49,49,49,49,49,49,49,49,49,
49,49,49,49,49,49,49,49,49,49,49,49,49,49,49,49,
49,49,49,49,49,49,49,49,49,49,49,49,49,49,49,49,
0,0,0,0,0,0,0,0,0,0,0,0,0,0,0,0,
0,0,0,0,0,0,0,0,0,0,0,0,0,0,0,0,
0,0,0,0,0,0,0,0,0,0,0,0,0,0,0,0,
0,0,0,0,0,0,0,0,0,0,0,0,0,0,0,0,
0,0,0,0,0,0,0,0,0,0,0,0,0,0,0,0,
0,0,0,0,0,0,0,0,0,0,0,0,0,0,0,0,
0,0,0,0,0,0,0,0,0,0,0,0,0,0,0,0,
0,0,0,0,0,0,0,0,0,0,0,0,0,0,0,0,
0,0,0,0,0,0,0,0,0,0,0,0,0,0,0,0
</chunk>
   <chunk x="0" y="48" width="16" height="16">
49,49,49,49,49,49,49,49,49,49,49,49,49,49,49,49,
49,49,49,49,49,49,49,49,49,49,49,49,49,49,49,49,
49,49,49,49,49,49,49,49,49,49,49,49,49,49,49,49,
49,49,49,49,49,49,49,49,49,49,49,49,49,49,49,49,
49,49,49,49,49,49,49,49,49,49,49,49,49,49,49,49,
49,49,49,49,49,49,49,49,49,49,49,49,49,49,49,49,
49,49,49,49,49,49,49,49,49,49,49,49,49,49,49,49,
0,0,0,0,0,0,0,0,0,0,0,0,0,0,0,0,
0,0,0,0,0,0,0,0,0,0,0,0,0,0,0,0,
0,0,0,0,0,0,0,0,0,0,0,0,0,0,0,0,
0,0,0,0,0,0,0,0,0,0,0,0,0,0,0,0,
0,0,0,0,0,0,0,0,0,0,0,0,0,0,0,0,
0,0,0,0,0,0,0,0,0,0,0,0,0,0,0,0,
0,0,0,0,0,0,0,0,0,0,0,0,0,0,0,0,
0,0,0,0,0,0,0,0,0,0,0,0,0,0,0,0,
0,0,0,0,0,0,0,0,0,0,0,0,0,0,0,0
</chunk>
   <chunk x="16" y="48" width="16" height="16">
49,49,49,49,49,49,49,49,49,49,49,49,49,49,49,49,
49,49,49,49,49,49,49,49,49,49,49,49,49,49,49,49,
49,49,49,49,49,49,49,49,49,49,49,49,49,49,49,49,
49,49,49,49,49,49,49,49,49,49,49,49,49,49,49,49,
49,49,49,49,49,49,49,49,49,49,49,49,49,49,49,49,
49,49,49,49,49,49,49,49,49,49,49,49,49,49,49,49,
49,49,49,49,49,49,49,49,49,49,49,49,49,49,49,49,
0,0,0,0,0,0,0,0,0,0,0,0,0,0,0,0,
0,0,0,0,0,0,0,0,0,0,0,0,0,0,0,0,
0,0,0,0,0,0,0,0,0,0,0,0,0,0,0,0,
0,0,0,0,0,0,0,0,0,0,0,0,0,0,0,0,
0,0,0,0,0,0,0,0,0,0,0,0,0,0,0,0,
0,0,0,0,0,0,0,0,0,0,0,0,0,0,0,0,
0,0,0,0,0,0,0,0,0,0,0,0,0,0,0,0,
0,0,0,0,0,0,0,0,0,0,0,0,0,0,0,0,
0,0,0,0,0,0,0,0,0,0,0,0,0,0,0,0
</chunk>
   <chunk x="32" y="48" width="16" height="16">
49,49,49,49,0,0,0,0,0,0,0,0,0,0,0,0,
49,49,49,49,0,0,0,0,0,0,0,0,0,0,0,0,
49,49,49,49,0,0,0,0,0,0,0,0,0,0,0,0,
49,49,49,49,0,0,0,0,0,0,0,0,0,0,0,0,
49,49,49,49,0,0,0,0,0,0,0,0,0,0,0,0,
49,49,49,49,0,0,0,0,0,0,0,0,0,0,0,0,
49,49,49,49,0,0,0,0,0,0,0,0,0,0,0,0,
0,0,0,0,0,0,0,0,0,0,0,0,0,0,0,0,
0,0,0,0,0,0,0,0,0,0,0,0,0,0,0,0,
0,0,0,0,0,0,0,0,0,0,0,0,0,0,0,0,
0,0,0,0,0,0,0,0,0,0,0,0,0,0,0,0,
0,0,0,0,0,0,0,0,0,0,0,0,0,0,0,0,
0,0,0,0,0,0,0,0,0,0,0,0,0,0,0,0,
0,0,0,0,0,0,0,0,0,0,0,0,0,0,0,0,
0,0,0,0,0,0,0,0,0,0,0,0,0,0,0,0,
0,0,0,0,0,0,0,0,0,0,0,0,0,0,0,0
</chunk>
  </data>
 </layer>
 <layer id="2" name="Track" width="30" height="20">
  <data encoding="csv">
   <chunk x="0" y="-32" width="16" height="16">
0,0,0,0,0,0,0,0,0,0,0,0,0,0,0,0,
0,0,0,0,0,0,0,0,0,0,0,0,0,0,0,0,
0,0,0,0,0,0,0,0,0,0,0,0,0,0,0,0,
0,0,0,0,0,0,0,0,0,0,0,0,0,0,0,0,
0,0,0,0,0,0,0,0,0,0,0,0,0,0,0,0,
0,0,0,0,0,0,0,0,0,0,0,0,0,0,0,0,
0,0,0,0,0,0,0,0,0,0,0,0,0,0,0,0,
0,0,0,0,0,36,72,72,72,72,72,72,72,72,72,72,
0,0,0,0,0,89,71,71,71,71,71,71,71,71,71,71,
0,0,0,0,0,89,71,71,71,70,70,70,70,70,70,70,
0,0,0,0,0,89,71,71,53,0,0,0,0,0,0,0,
0,0,0,0,0,89,71,71,53,0,0,0,0,0,0,0,
0,0,0,0,0,89,71,71,53,0,0,0,0,0,0,0,
0,0,0,0,0,89,71,71,53,0,0,0,0,0,0,0,
0,0,0,0,0,89,71,71,53,0,0,0,0,0,0,0,
0,0,0,0,0,89,71,71,53,0,0,0,0,0,0,0
</chunk>
   <chunk x="16" y="-32" width="16" height="16">
0,0,0,0,0,0,0,0,0,0,0,0,0,0,0,0,
0,0,0,0,0,0,0,0,0,0,0,0,0,0,0,0,
0,0,0,0,0,0,0,0,0,0,0,0,0,0,0,0,
0,0,0,0,0,0,0,0,0,0,0,0,0,0,0,0,
0,0,0,0,0,0,0,0,0,0,0,0,0,0,0,0,
0,0,0,0,0,0,0,0,0,0,0,0,0,0,0,0,
0,0,0,0,0,0,0,0,0,0,0,0,0,0,0,0,
72,72,72,72,72,72,72,72,72,72,18,0,0,0,0,0,
71,71,71,71,71,71,71,71,71,71,53,0,0,0,0,0,
70,70,70,70,70,70,70,71,71,71,53,0,0,0,0,0,
0,0,0,0,0,0,0,89,71,71,53,0,0,0,0,0,
0,0,0,0,0,0,0,89,71,71,53,0,0,0,0,0,
0,0,0,0,0,0,0,89,71,71,53,0,0,0,0,0,
0,0,0,0,0,0,0,89,71,71,53,0,0,0,0,0,
0,0,0,0,0,0,0,89,71,71,53,0,0,0,0,0,
0,0,0,0,0,0,0,89,71,71,53,0,0,0,0,0
</chunk>
   <chunk x="-16" y="-16" width="16" height="16">
0,0,0,0,0,0,0,0,0,0,0,0,0,0,0,0,
0,0,0,0,0,0,0,0,0,0,0,0,0,0,0,0,
0,0,0,0,0,0,0,0,0,0,0,0,0,0,0,0,
0,0,0,0,0,0,0,0,0,0,0,0,0,0,0,0,
0,0,0,0,36,72,72,72,72,72,72,72,72,72,72,72,
0,0,0,0,89,71,71,71,71,71,71,71,71,71,71,71,
0,0,0,0,89,71,71,71,70,70,70,70,70,70,70,70,
0,0,0,0,89,71,71,53,0,0,0,0,0,0,0,0,
0,0,0,0,89,71,71,53,0,0,0,0,0,0,0,0,
0,0,0,0,89,71,71,53,0,0,0,0,0,0,0,0,
0,0,0,0,89,71,71,53,0,0,0,0,0,0,0,0,
0,0,0,0,89,71,71,53,0,0,0,0,0,0,0,0,
0,0,0,0,89,71,71,53,0,0,0,0,0,0,0,0,
0,0,0,0,89,71,71,53,0,0,0,0,0,0,0,0,
0,0,0,0,89,71,71,53,0,0,0,0,0,0,0,0,
0,0,0,0,89,71,71,53,0,0,0,0,0,0,0,0
</chunk>
   <chunk x="0" y="-16" width="16" height="16">
0,0,0,0,0,89,71,71,53,0,0,0,0,0,0,0,
0,0,0,0,0,89,71,71,53,0,0,0,0,0,0,0,
0,0,0,0,0,89,71,71,53,0,0,0,0,0,0,0,
0,0,0,0,0,89,71,71,53,0,0,0,0,0,0,0,
72,72,72,72,72,71,71,71,53,0,0,0,0,0,0,0,
71,71,71,71,71,71,71,71,53,0,0,0,0,0,0,0,
70,70,70,70,70,70,70,70,17,0,0,0,0,0,0,0,
0,0,0,0,0,0,0,0,0,0,0,0,0,0,0,0,
0,0,0,0,0,0,0,0,0,0,0,0,0,0,0,0,
0,0,0,0,0,0,0,0,0,0,0,0,0,0,0,0,
0,0,0,0,0,0,0,0,0,0,0,0,0,0,0,0,
0,0,0,0,0,0,0,0,0,0,0,0,0,0,0,0,
0,0,0,0,0,0,0,0,0,0,0,0,0,0,0,0,
0,0,0,0,0,0,0,0,0,0,0,0,0,0,0,0,
0,0,0,0,0,0,0,0,0,0,0,0,0,0,0,0,
0,0,0,0,0,0,0,0,0,0,0,0,0,0,0,0
</chunk>
   <chunk x="16" y="-16" width="16" height="16">
0,0,0,0,0,0,0,89,71,71,53,0,0,0,0,0,
0,0,0,0,0,0,0,89,71,71,53,0,0,0,0,0,
0,0,0,0,0,0,0,89,71,71,53,0,0,0,0,0,
0,0,0,0,0,0,0,89,71,71,53,0,0,0,0,0,
0,0,0,0,0,0,0,89,71,71,53,0,0,0,0,0,
0,0,0,0,0,0,0,89,71,71,53,0,0,0,0,0,
0,0,0,0,0,0,0,89,71,71,53,0,0,0,0,0,
0,0,0,0,0,0,0,89,71,71,53,0,0,0,0,0,
0,0,0,0,0,0,0,89,71,71,53,0,0,0,0,0,
0,0,0,0,0,0,0,89,71,71,53,0,0,0,0,0,
0,0,0,0,0,0,0,89,71,71,53,0,0,0,0,0,
0,0,0,0,0,0,0,89,71,71,53,0,0,0,0,0,
0,0,0,0,0,0,0,89,71,71,53,0,0,0,0,0,
0,0,0,0,0,0,0,89,71,71,53,0,0,0,0,0,
0,0,0,0,0,0,0,89,71,71,53,0,0,0,0,0,
0,0,0,0,0,0,0,89,71,71,53,0,0,0,0,0
</chunk>
   <chunk x="-32" y="0" width="16" height="16">
0,0,0,0,0,0,0,0,0,0,0,0,0,0,0,0,
0,0,0,0,0,0,0,0,0,0,0,0,0,0,0,0,
0,0,0,0,0,0,0,0,0,0,0,0,0,0,0,0,
0,0,0,0,0,0,0,0,0,0,0,0,0,0,0,0,
0,0,0,0,0,0,0,0,0,0,0,0,0,70,70,70,
0,0,0,0,0,0,0,0,0,0,0,0,0,70,70,70,
0,0,0,0,0,0,0,0,0,0,0,0,0,0,0,0,
0,0,0,0,0,0,0,0,0,0,0,0,0,0,0,0,
0,0,0,0,0,0,0,0,0,0,0,0,0,0,0,0,
0,0,0,0,0,0,0,0,0,0,0,0,0,0,0,0,
0,0,0,0,0,0,0,0,0,0,0,0,0,0,0,0,
0,0,0,0,0,0,0,0,0,0,0,0,0,0,0,0,
0,0,0,0,0,0,0,0,0,0,0,0,0,0,0,0,
0,0,0,0,0,0,0,0,0,0,0,0,0,0,0,0,
0,0,0,0,0,0,0,0,0,0,0,0,0,0,0,0,
0,0,0,0,0,0,0,0,0,0,0,0,0,0,0,0
</chunk>
   <chunk x="-16" y="0" width="16" height="16">
0,0,0,0,89,71,71,53,0,0,0,0,0,0,0,0,
0,0,0,0,89,71,71,53,0,0,0,0,0,0,0,0,
0,0,0,0,89,71,71,53,0,0,0,0,0,0,0,0,
0,0,0,0,89,71,71,53,0,0,0,0,0,0,0,0,
70,70,70,0,89,71,71,53,0,0,0,0,0,0,0,0,
70,70,70,0,89,71,71,53,0,0,0,0,0,0,0,0,
0,0,0,0,89,71,71,53,0,0,0,0,0,0,0,0,
0,0,0,0,89,71,71,53,0,0,0,0,0,0,0,0,
0,0,0,0,89,71,71,53,0,0,0,0,0,0,0,0,
0,0,0,0,89,71,71,53,0,0,0,0,0,0,0,0,
0,0,0,0,89,71,71,53,0,0,0,0,0,0,0,0,
0,0,0,0,89,71,71,53,0,0,0,0,0,0,0,0,
0,0,0,0,89,71,71,53,0,0,0,0,0,0,0,0,
0,0,0,0,89,71,71,53,0,0,0,0,0,0,0,0,
0,0,0,0,89,71,71,53,0,0,0,0,0,0,0,0,
0,0,0,0,89,71,71,53,0,0,0,0,0,0,0,0
</chunk>
   <chunk x="16" y="0" width="16" height="16">
0,0,0,0,0,0,0,89,71,71,53,0,0,0,0,0,
0,0,0,0,0,0,0,89,71,71,53,0,0,0,0,0,
0,0,0,0,0,0,0,89,71,71,53,0,0,0,0,0,
0,0,0,0,0,0,0,89,71,71,53,0,0,0,0,0,
0,0,0,0,0,0,0,89,71,71,53,0,0,0,0,0,
0,0,0,0,0,0,0,89,71,71,53,0,0,0,0,0,
0,0,0,0,0,0,0,89,71,71,53,0,0,0,0,0,
0,0,0,0,0,0,0,89,71,71,53,0,0,0,0,0,
0,0,0,0,0,0,0,89,71,71,53,0,0,0,0,0,
0,0,0,0,0,0,0,89,71,71,53,0,0,0,0,0,
0,0,0,0,0,0,0,89,71,71,53,0,0,0,0,0,
0,0,0,0,0,0,0,89,71,71,53,0,0,0,0,0,
0,0,0,0,0,0,0,89,71,71,53,0,0,0,0,0,
0,0,0,0,0,0,0,89,71,71,53,0,0,0,0,0,
0,0,0,0,0,0,0,89,71,71,53,0,0,0,0,0,
0,0,0,0,0,0,0,89,71,71,53,0,0,0,0,0
</chunk>
   <chunk x="-16" y="16" width="16" height="16">
0,0,0,0,89,71,71,53,0,0,0,0,0,0,0,0,
0,0,0,0,89,71,71,53,0,0,0,0,0,0,0,0,
0,0,0,0,89,71,71,53,0,0,0,0,0,0,0,0,
0,0,0,0,89,71,71,53,0,0,0,0,0,0,0,0,
0,0,0,0,89,71,71,53,0,0,0,0,0,0,0,0,
0,0,0,0,89,71,71,71,72,72,72,72,72,72,72,72,
0,0,0,0,89,71,71,71,71,71,71,71,71,71,71,71,
0,0,0,0,35,70,70,70,70,70,70,70,70,70,70,70,
0,0,0,0,0,0,0,0,0,0,0,0,0,0,0,0,
0,0,0,0,0,0,0,0,0,0,0,0,0,0,0,0,
0,0,0,0,0,0,0,0,0,0,0,0,0,0,0,0,
0,0,0,0,0,0,0,0,0,0,0,0,0,0,0,0,
0,0,0,0,0,0,0,0,0,0,0,0,0,0,0,0,
0,0,0,0,0,0,0,0,0,0,0,0,0,0,0,0,
0,0,0,0,0,0,0,0,0,0,0,0,0,0,0,0,
0,0,0,0,0,0,0,0,0,0,0,0,0,0,0,0
</chunk>
   <chunk x="0" y="16" width="16" height="16">
0,0,0,0,0,0,0,0,0,0,0,0,0,0,0,0,
0,0,0,0,0,0,0,0,0,0,0,0,0,0,0,0,
0,0,0,0,0,0,0,0,0,0,0,0,0,0,0,0,
0,0,0,0,0,0,0,0,0,0,0,0,0,0,0,0,
0,0,0,0,0,0,0,0,0,0,0,0,0,0,0,0,
72,72,72,72,72,72,72,72,72,18,0,0,0,0,0,0,
71,71,71,71,71,71,71,71,71,53,0,0,0,0,0,0,
70,70,70,70,70,70,71,71,71,53,0,0,0,0,0,0,
0,0,0,0,0,0,89,71,71,53,0,0,0,0,0,0,
0,0,0,0,0,0,89,71,71,53,0,0,0,0,0,0,
0,0,0,0,0,0,89,71,71,53,0,0,0,0,0,0,
0,0,0,0,0,0,89,71,71,53,0,0,0,0,0,0,
0,0,0,0,0,0,89,71,71,53,0,0,0,0,0,0,
0,0,0,0,0,0,89,71,71,53,0,0,0,0,0,0,
0,0,0,0,0,0,89,71,71,53,0,0,0,0,0,0,
0,0,0,0,0,0,89,71,71,53,0,0,0,0,0,0
</chunk>
   <chunk x="16" y="16" width="16" height="16">
0,0,0,0,0,0,0,89,71,71,53,0,0,0,0,0,
0,0,0,0,0,0,0,89,71,71,53,0,0,0,0,0,
0,0,0,0,0,0,0,89,71,71,53,0,0,0,0,0,
0,0,0,0,0,0,0,89,71,71,53,0,0,0,0,0,
0,0,0,0,0,0,0,89,71,71,53,0,0,0,0,0,
0,0,0,0,0,0,0,89,71,71,53,0,0,0,0,0,
0,0,0,0,0,0,0,89,71,71,53,0,0,0,0,0,
0,0,0,0,0,0,0,89,71,71,53,0,0,0,0,0,
0,0,0,0,0,0,0,89,71,71,53,0,0,0,0,0,
0,0,0,0,0,0,0,89,71,71,53,0,0,0,0,0,
0,0,0,0,0,0,0,89,71,71,53,0,0,0,0,0,
0,0,0,0,0,0,0,89,71,71,53,0,0,0,0,0,
0,0,0,0,0,0,0,89,71,71,53,0,0,0,0,0,
0,0,0,0,0,0,0,89,71,71,53,0,0,0,0,0,
0,0,0,0,0,0,0,89,71,71,53,0,0,0,0,0,
0,0,0,0,0,0,0,89,71,71,53,0,0,0,0,0
</chunk>
   <chunk x="0" y="32" width="16" height="16">
0,0,0,0,0,0,89,71,71,53,0,0,0,0,0,0,
0,0,0,0,0,0,89,71,71,53,0,0,0,0,0,0,
0,0,0,0,0,0,89,71,71,53,0,0,0,0,0,0,
0,0,0,0,0,0,89,71,71,53,0,0,0,0,0,0,
0,0,0,0,0,0,89,71,71,53,0,0,0,0,0,0,
0,0,0,0,0,0,89,71,71,53,0,0,0,0,0,0,
0,0,0,0,0,0,89,71,71,53,0,0,0,0,0,0,
0,0,0,0,0,0,89,71,71,53,0,0,0,0,0,0,
0,0,0,0,0,0,89,71,71,53,0,0,0,0,0,0,
0,0,0,0,0,0,89,71,71,53,0,0,0,0,0,0,
0,0,0,0,0,0,89,71,71,53,0,0,0,0,0,0,
0,0,0,0,0,0,89,71,71,53,0,0,0,0,0,0,
0,0,0,0,0,0,89,71,71,53,0,0,0,0,0,0,
0,0,0,0,0,0,89,71,71,53,0,0,0,0,0,0,
0,0,0,0,0,0,89,71,71,71,72,72,72,72,72,72,
0,0,0,0,0,0,89,71,71,71,71,71,71,71,71,71
</chunk>
   <chunk x="16" y="32" width="16" height="16">
0,0,0,0,0,0,0,89,71,71,53,0,0,0,0,0,
0,0,0,0,0,0,0,89,71,71,53,0,0,0,0,0,
0,0,0,0,0,0,0,89,71,71,53,0,0,0,0,0,
0,0,0,0,0,0,0,89,71,71,53,0,0,0,0,0,
0,0,0,0,0,0,0,89,71,71,53,0,0,0,0,0,
0,0,0,0,0,0,0,89,71,71,53,0,0,0,0,0,
0,0,0,0,0,0,0,89,71,71,53,0,0,0,0,0,
0,0,0,0,0,0,0,89,71,71,53,0,0,0,0,0,
0,0,0,0,0,0,0,89,71,71,53,0,0,0,0,0,
0,0,0,0,0,0,0,89,71,71,53,0,0,0,0,0,
0,0,0,0,0,0,0,89,71,71,53,0,0,0,0,0,
0,0,0,0,0,0,0,89,71,71,53,0,0,0,0,0,
0,0,0,0,0,0,0,89,71,71,53,0,0,0,0,0,
0,0,0,0,0,0,0,89,71,71,53,0,0,0,0,0,
72,72,72,72,72,72,72,71,71,71,53,0,0,0,0,0,
71,71,71,71,71,71,71,71,71,71,53,0,0,0,0,0
</chunk>
   <chunk x="0" y="48" width="16" height="16">
0,0,0,0,0,0,35,70,70,70,70,70,70,70,70,70,
0,0,0,0,0,0,0,0,0,0,0,0,0,0,0,0,
0,0,0,0,0,0,0,0,0,0,0,0,0,0,0,0,
0,0,0,0,0,0,0,0,0,0,0,0,0,0,0,0,
0,0,0,0,0,0,0,0,0,0,0,0,0,0,0,0,
0,0,0,0,0,0,0,0,0,0,0,0,0,0,0,0,
0,0,0,0,0,0,0,0,0,0,0,0,0,0,0,0,
0,0,0,0,0,0,0,0,0,0,0,0,0,0,0,0,
0,0,0,0,0,0,0,0,0,0,0,0,0,0,0,0,
0,0,0,0,0,0,0,0,0,0,0,0,0,0,0,0,
0,0,0,0,0,0,0,0,0,0,0,0,0,0,0,0,
0,0,0,0,0,0,0,0,0,0,0,0,0,0,0,0,
0,0,0,0,0,0,0,0,0,0,0,0,0,0,0,0,
0,0,0,0,0,0,0,0,0,0,0,0,0,0,0,0,
0,0,0,0,0,0,0,0,0,0,0,0,0,0,0,0,
0,0,0,0,0,0,0,0,0,0,0,0,0,0,0,0
</chunk>
   <chunk x="16" y="48" width="16" height="16">
70,70,70,70,70,70,70,70,70,70,17,0,0,0,0,0,
0,0,0,0,0,0,0,0,0,0,0,0,0,0,0,0,
0,0,0,0,0,0,0,0,0,0,0,0,0,0,0,0,
0,0,0,0,0,0,0,0,0,0,0,0,0,0,0,0,
0,0,0,0,0,0,0,0,0,0,0,0,0,0,0,0,
0,0,0,0,0,0,0,0,0,0,0,0,0,0,0,0,
0,0,0,0,0,0,0,0,0,0,0,0,0,0,0,0,
0,0,0,0,0,0,0,0,0,0,0,0,0,0,0,0,
0,0,0,0,0,0,0,0,0,0,0,0,0,0,0,0,
0,0,0,0,0,0,0,0,0,0,0,0,0,0,0,0,
0,0,0,0,0,0,0,0,0,0,0,0,0,0,0,0,
0,0,0,0,0,0,0,0,0,0,0,0,0,0,0,0,
0,0,0,0,0,0,0,0,0,0,0,0,0,0,0,0,
0,0,0,0,0,0,0,0,0,0,0,0,0,0,0,0,
0,0,0,0,0,0,0,0,0,0,0,0,0,0,0,0,
0,0,0,0,0,0,0,0,0,0,0,0,0,0,0,0
</chunk>
  </data>
 </layer>
</map>
